SUDOKU

1 0 0 0 0 0 0 0 0
0 5 0 1 0 0 4 0 0
4 0 3 0 0 8 0 2 0
0 0 0 0 7 1 0 0 5
0 2 7 0 0 0 1 6 0
9 0 0 3 2 0 0 0 0
0 7 0 4 0 0 9 0 6
0 0 4 0 0 5 0 8 0
0 0 0 0 0 0 0 0 7
DIFICIL

0 0 0 7 0 2 0 0 0
9 3 0 0 0 0 0 8 7
0 0 2 0 0 0 1 0 0
2 0 1 0 0 0 4 0 8
0 0 0 6 0 5 0 0 0
0 0 3 0 0 0 9 0 0
5 0 0 0 0 0 0 0 4
0 0 0 5 0 9 0 0 0
6 0 4 0 2 0 3 0 5
MUITO DIFICIL

0 0 6 3 5 0 0 0 0
5 0 0 9 0 8 0 0 3
0 8 0 0 2 0 0 0 0
0 0 0 0 0 0 8 7 9
0 0 9 2 0 0 0 0 0
0 0 0 0 0 0 2 3 4
0 2 0 0 7 0 0 0 0
8 0 0 4 0 3 0 0 1
0 0 3 8 9 0 0 0 0
MUITO DIFICIL

0 0 0 0 0 0 0 0 0
0 0 0 0 0 0 0 0 0
1 4 0 0 6 0 0 0 9
0 0 6 0 0 4 9 0 3
9 1 0 7 0 6 4 2 0
2 0 0 0 9 0 0 0 1
0 0 0 0 4 1 0 0 6
6 0 1 0 7 9 2 5 0
0 9 4 0 5 2 3 1 7
SEM SOLUÇÃO

0 0 0 0 0 1 0 6 0
0 7 2 0 0 6 4 0 0
4 0 6 0 0 0 9 0 0
0 0 5 7 0 0 0 0 0
3 0 0 0 0 0 6 7 0
0 0 8 4 0 0 0 0 0
6 0 9 0 0 0 5 0 0
0 4 1 0 0 3 2 0 0
0 0 0 0 0 2 0 8 0
FACIL

0 0 0 0 0 0 0 0 0
0 0 0 0 0 0 0 0 0
0 0 0 0 0 0 0 0 0
0 0 0 0 0 0 0 0 0
0 0 0 0 0 0 0 0 0
0 0 0 0 0 0 0 0 0
0 0 0 0 0 0 0 0 0
0 0 0 0 0 0 0 0 0
0 0 0 0 0 0 0 0 0
VAZIO

3 5 0 0 2 0 0 1 6
0 4 0 0 0 0 0 7 0
0 6 0 0 0 0 0 8 0
0 0 4 8 0 1 9 0 0
0 0 5 4 0 9 7 0 0
0 3 0 0 5 0 0 6 0
8 0 6 0 0 0 5 0 3
0 0 0 0 0 0 0 0 0
0 2 7 0 0 0 6 4 0
MEDIO

8 3 6 0 2 1 5 4 0
0 7 0 3 0 8 0 0 9
0 2 0 4 6 7 0 0 3
0 0 0 0 8 0 9 0 0
1 9 2 5 3 0 7 8 6
3 0 8 0 1 9 0 5 0
6 0 0 0 7 0 2 9 0
0 0 0 8 0 0 1 6 0
0 1 9 6 0 5 3 7 8
MUITO FACIL

1 2 3 4 5 6 7 8 9
4 5 6 7 8 9 1 2 3
7 8 9 1 2 3 4 5 6
2 3 4 5 6 7 8 9 1
5 6 7 8 9 1 2 3 4
8 9 1 2 3 4 5 6 7
3 4 5 6 7 8 9 1 2
0 0 0 0 0 0 0 0 0
0 0 0 0 0 0 0 0 0
TESTE

0 0 0 0 0 0 0 0 0
0 0 0 0 0 0 0 0 0
1 4 0 0 6 0 0 0 9
0 0 6 0 0 4 9 0 3
9 1 0 7 0 6 4 2 0
2 0 0 0 9 0 0 0 1
0 0 0 0 4 1 0 0 6
6 0 1 0 7 9 2 5 0
0 9 4 0 5 2 3 1 7
SEM SOLUÇÃO
